7.413575
10.778947
9.525581
9.525581
9.426928
9.503480
9.503480
7.255979
7.217621
8.299899
9.514518
9.536671
9.558926
9.492468
9.514518
7.160839
7.025729
9.503480
9.437788
7.185965
7.129678
9.481481
9.298524
9.514518
7.007699
9.603751
6.995730
8.770878
7.043852
7.320822
9.558926
9.648999
9.503480
9.503480
9.514518
9.503480
7.086505
10.937250
9.503480
9.525581
10.063882
9.615023
9.492468
9.514518
9.514518
10.448980
9.132664
9.503480
9.503480
6.866723
7.373537
9.492468
9.626322
9.503480
9.547786
9.536671
9.717675
9.503480
10.951872
9.437788
9.525581
6.826667
9.525581
9.787336
7.327370
7.019709
9.503480
6.965986
7.025729
6.895623
9.514518
9.717675
9.536671
9.503480
7.025729
7.031760
7.049914
7.007699
6.971915
9.637647
9.503480
9.459584
9.503480
9.525581
7.019709
7.068162
9.437788
9.437788
9.525581
11.221918
9.459584
9.437788
10.039216
9.183857
9.351598
9.362286
9.225225
10.597671
9.277463
9.536671
9.459584
6.855230
9.351598
9.514518
9.470520
9.525581
9.547786
6.918919
7.007699
7.074266
6.843776
9.525581
9.671783
7.019709
7.080380
6.930626
7.049914
9.492468
7.307761
8.436663
9.547786
9.810778
9.481481
6.601128
6.995730
9.383734
7.031760
7.031760
6.901432
9.547786
7.043852
9.834334
9.470520
9.503480
7.074266
10.409149
9.525581
9.558926
6.895623
9.514518
9.536671
7.148342
9.459584
9.122494
9.194164
9.122494
9.112347
9.514518
7.899711
9.547786
9.448674
9.536671
9.536671
9.319681
9.437788
9.558926
7.031760
7.025729
7.049914
7.217621
6.960068
9.525581
9.514518
9.459584
7.307761
7.068162
7.275311
7.092641
7.049914
6.954160
9.525581
9.570093
9.694675
9.525581
6.924768
7.013699
7.037801
6.127150
7.080380
7.211268
9.525581
9.514518
9.536671
7.062069
11.055331
12.760125
9.581287
6.703764
7.074266
9.503480
6.866723
9.330296
10.597671
10.475703
10.597671
10.330391
7.742911
9.547786
9.448674
9.514518
9.492468
7.037801
7.037801
7.031760
7.167104
9.437788
9.514518
9.437788
9.810778
7.211268
9.514518
7.062069
7.086505
7.055986
7.198594
9.764005
9.536671
9.492468
9.536671
9.536671
9.492468
9.637647
7.055986
7.111111
6.866723
9.514518
9.503480
9.514518
9.503480
9.503480
6.460568
7.049914
7.025729
10.966533
9.570093
9.547786
9.810778
9.470520
9.470520
7.037801
9.330296
10.409149
9.503480
9.637647
9.426928
7.585185
9.514518
9.514518
9.470520
9.514518
7.080380
7.031760
7.086505
7.055986
9.525581
9.536671
9.153073
7.192274
7.019709
7.068162
9.525581
8.818084
9.525581
9.514518
9.514518
9.525581
9.459584
7.129678
9.362286
9.503480
7.049914
9.740785
9.503480
9.503480
9.503480
7.062069
7.049914
7.031760
7.019709
6.884034
9.514518
9.503480
9.394495
9.362286
9.492468
6.948261
7.013699
6.989761
5.931933
9.319681
10.448980
9.694675
9.277463
9.437788
9.525581
9.132664
9.481481
6.849498
6.995730
9.514518
7.037801
5.889288
9.525581
9.514518
9.481481
7.043852
7.049914
7.062069
7.037801
7.031760
7.243148
9.514518
9.525581
9.547786
7.025729
9.514518
7.074266
9.503480
6.924768
9.525581
9.525581
7.055986
7.086505
8.761497
9.752381
7.049914
7.049914
7.564174
9.525581
9.383734
9.603751
9.394495
9.266968
9.525581
9.525581
7.043852
6.971915
10.908123
9.514518
10.570323
9.514518
9.492468
9.383734
9.503480
9.525581
9.525581
9.536671
9.426928
7.400181
9.514518
9.503480
9.481481
9.558926
7.043852
7.454049
8.943231
9.525581
9.503480
9.740785
9.525581
9.536671
9.503480
7.031760
5.953488
7.019709
7.025729
9.570093
9.525581
7.055986
7.031760
8.865801
9.536671
7.068162
7.062069
7.062069
6.889823
9.558926
9.514518
9.514518
9.514518
9.503480
10.435669
7.062069
9.740785
7.275311
9.503480
9.525581
11.821068
9.787336
9.514518
7.043852
7.019709
7.031760
6.913080
9.570093
9.514518
9.503480
9.503480
7.086505
7.062069
7.025729
7.068162
6.855230
9.514518
9.525581
9.514518
9.525581
9.503480
7.068162
7.037801
9.536671
6.907251
9.514518
10.879150
9.362286
9.383734
7.281778
9.514518
6.983802
7.068162
7.049914
9.525581
9.503480
9.536671
7.043852
9.603751
7.068162
7.049914
7.001709
7.043852
9.965937
9.492468
9.570093
9.459584
9.503480
9.536671
10.879150
10.516046
9.671783
9.503480
9.514518
9.536671
9.112347
9.525581
9.492468
7.043852
7.068162
7.049914
6.622474
9.514518
9.615023
7.062069
7.019709
7.043852
9.514518
7.037801
6.901432
9.953827
9.514518
9.603751
9.503480
9.536671
7.037801
9.525581
7.068162
6.884034
9.525581
9.592506
9.536671
9.558926
9.558926
9.536671
7.413575
8.668783
7.281778
9.492468
9.514518
9.470520
9.481481
7.275311
9.503480
7.074266
9.437788
7.001709
6.764657
10.879150
10.543115
9.492468
9.503480
9.481481
9.525581
9.514518
9.503480
9.525581
9.514518
7.433757
9.246050
9.536671
9.514518
9.525581
